7.584760, 171.294525, 13.846022, 171.196701
33.021137, 188.610916, 33.021137, 186.360779
33.021137, 186.360779, 41.141212, 186.262939
33.261494, 166.075348, 33.977482, 166.044220
33.977482, 166.044220, 33.977482, 167.227158
33.199234, 166.168747, 33.199234, 164.269821
-15.590304, 193.108368, -15.590304, 196.023926
-18.306831, 156.269760, -18.153870, 163.611954
-25.562864, 201.381348, -19.673216, 201.458847
-19.673216, 201.458847, -19.673216, 204.558655
29.678820, 164.295547, 33.189873, 164.320267
33.189873, 167.608795, 33.165146, 171.095123
-16.282953, 201.381561, -15.380925, 201.471771
-15.380925, 201.471771, -15.245621, 204.719070
-18.355989, 156.034164, -17.911236, 153.937469
-17.911236, 153.937469, -18.038309, 152.603210
4.319757, 171.271271, 4.896126, 171.300095
4.924945, 170.723724, 6.884602, 170.694901
6.913421, 171.213638, 7.057513, 171.300095
7.057513, 171.300095, 7.576246, 171.300095
4.763299, 164.704758, 6.973839, 164.704758
-5.425754, 212.274292, 18.975204, 212.439713
-27.676117, 212.026138, -18.742886, 212.108856
-18.742886, 212.108856, -18.742886, 222.282822
-18.162325, 163.516556, -18.360525, 169.330444
24.388807, 179.581711, 24.238447, 179.732071
24.238447, 179.732071, 24.276037, 179.920013
24.276037, 179.920013, 24.313627, 180.070374
24.313627, 180.070374, 24.576756, 180.220734
24.614346, 180.220734, 24.727114, 180.258331
20.065981, 189.467819, 19.802853, 189.505417
19.802853, 189.580597, 19.727674, 189.768539
19.727674, 189.768539, 19.727674, 189.881317
15.404850, 193.715424, 14.953773, 193.865784
14.953773, 193.865784, 14.690644, 194.128906
3.263352, 193.302002, 3.827199, 193.640320
3.827199, 193.640320, 4.015148, 193.941040
8.337973, 189.016769, 8.789050, 188.979187
7.661358, 181.235733, 8.112435, 181.235733
-0.270085, 180.070450, 0.406531, 180.183212
48.580513, 189.355042, 48.484570, 190.170547
44.646866, 194.056229, 44.502953, 194.727829
22.443676, 218.098740, 24.101591, 217.730316
39.391266, 218.421127, 40.128117, 217.914536
40.128117, 217.914536, 40.450489, 217.960587
40.450489, 217.960587, 40.772861, 217.914536
32.206959, 218.190857, 33.035919, 217.960587
30.779310, 211.651306, 31.976694, 211.098663
19.977833, 212.483704, 23.179899, 212.428970
42.676327, 204.168533, 42.823460, 203.933121
42.852886, 203.933121, 43.088303, 203.785995
43.058876, 203.756561, 43.264862, 203.756561
66.880409, 198.042267, 67.038689, 196.987061
64.875519, 175.144333, 64.664474, 174.247406
41.106277, 171.258835, 41.408047, 171.795319
41.408047, 171.795319, 44.090454, 171.862381
28.051611, 176.140045, 27.981377, 175.894211
27.981377, 175.894211, 27.735550, 175.753738
28.429131, 176.245392, 28.402792, 176.025909
28.402792, 176.025909, 28.394012, 175.955673
4.335620, 171.333954, -1.777715, 171.186996
-33.467426, 188.493500, -33.087700, 189.126373
-26.189350, 188.430206, -25.429897, 189.759247
-18.404970, 194.126099, -18.341682, 193.303360
-18.341682, 193.303360, -19.101135, 192.733765
-19.164423, 191.911026, -18.594833, 191.468018
-18.594833, 191.468018, -18.658121, 190.771851
-18.658121, 190.771851, -19.164423, 190.392120
-18.278395, 190.012405, -19.227711, 188.746643
-32.771259, 194.632385, -32.897835, 193.746368
-28.530989, 203.682526, -28.910715, 202.859787
-17.708803, 180.392685, -17.708803, 179.316788
14.178854, 164.252762, 16.402998, 164.307007
26.206566, 212.475876, 30.900181, 212.552185
39.001816, 201.575729, 48.110420, 201.493668
37.073418, 205.432526, 37.114449, 202.683533
39.412113, 212.899933, 42.571404, 212.776840
36.786209, 210.807419, 36.786209, 209.535492
72.070183, 183.456573, 72.147926, 181.901627
69.115784, 201.882660, 69.271278, 198.850525
39.455826, 212.886490, 37.643581, 212.816788
45.267139, 171.796768, 47.874249, 171.861954
73.868103, 175.171814, 73.738480, 174.995056
73.738480, 174.936142, 73.703133, 174.712250
73.691345, 174.700470, 73.667778, 174.464798
73.667778, 174.464798, 73.738480, 174.276260
69.430656, 197.377945, 69.658684, 188.576004
69.476257, 186.797379, 69.476257, 184.790710
72.167007, 181.780716, 72.121407, 180.412537
72.121407, 180.412537, 72.440643, 179.865280
72.440643, 179.865280, 72.440643, 179.546036
72.440643, 179.363602, 72.714279, 178.770737
72.714279, 178.770737, 73.170341, 178.132248
16.064146, 222.423691, 21.383696, 222.423691
34.188274, 222.800308, 39.931503, 222.894455
13.850842, 171.235672, 14.145863, 164.281601
23.940809, 222.553543, 31.601551, 222.609070
42.617176, 212.828217, 45.473656, 212.760208
81.308090, 199.092285, 81.456284, 191.867828
75.343300, 212.096283, 75.936073, 211.133026
64.080559, 211.133026, 64.784477, 210.873688
61.264881, 204.575455, 61.783562, 204.093826
82.101387, 175.699219, 81.762161, 175.096161
81.762161, 175.096161, 81.912926, 174.530777
62.284611, 164.874023, 61.656933, 164.622940
61.656933, 164.622940, 61.186172, 164.183563
61.186172, 164.183563, 61.092022, 163.210663
47.749096, 177.249832, 47.506454, 177.104248
47.506454, 177.104248, 47.344692, 176.845428
47.344692, 176.845428, 47.279987, 176.651321
47.279987, 176.651321, 47.328518, 176.489548
47.360870, 176.473373, 47.749096, 176.246902
46.341770, 180.404190, 47.150578, 180.371826
43.090359, 180.954178, 42.977127, 180.970352
42.944775, 180.970352, 42.783012, 180.954178
42.783012, 180.954178, 42.637428, 180.808594
42.637428, 180.808594, 42.605076, 180.711533
42.605076, 180.711533, 42.783012, 180.452713
42.783012, 180.452713, 42.960949, 180.404190
37.493416, 181.358566, 37.655174, 181.487976
37.655174, 181.487976, 37.816936, 181.455627
37.816936, 181.455627, 37.946346, 181.326218
39.628677, 190.514297, 39.596329, 190.126068
39.596329, 190.029007, 39.677208, 189.754013
39.693382, 189.737839, 39.887497, 189.656952
39.887497, 189.656952, 40.194847, 189.754013
35.987701, 194.138412, 36.192688, 194.029083
36.192688, 194.029083, 36.466003, 194.056412
36.466003, 194.056412, 36.670994, 194.288727
45.193916, 212.812012, 52.408009, 212.751892
52.408009, 212.751892, 52.528244, 210.467438
41.286285, 222.851624, 47.237911, 222.731384
66.889282, 187.783554, 69.627151, 187.876892
66.827057, 187.814667, 66.889282, 186.850189
78.492538, 212.041794, 78.574287, 209.344147
78.574287, 209.344147, 80.168343, 209.466766
51.619137, 222.725098, 53.400509, 222.880005
16.277887, 164.377228, 30.034729, 164.301010
84.662971, 209.139221, 84.119484, 210.536774
84.274765, 215.894043, 83.808914, 217.058670
84.274765, 219.232635, 83.731270, 220.241974
84.264610, 208.589706, 84.448486, 213.738220
83.345238, 239.296906, 83.896866, 223.299744
83.896866, 223.299744, 84.816238, 222.564240
84.816238, 222.564240, 84.632362, 215.025345
83.529114, 185.237534, 83.896866, 193.144180
83.161362, 197.373306, 83.529114, 199.395935
24.979898, 212.556793, 26.280300, 212.456757
30.981756, 212.506775, 32.682281, 212.606812
32.682281, 212.606812, 32.632267, 211.806564
19.341177, 208.760284, 19.271732, 212.232498
23.288660, 208.938065, 23.374636, 210.700546
23.374636, 210.700546, 25.309069, 210.743530
11.976241, 203.505997, 12.228359, 203.758102
12.228359, 203.758102, 12.329206, 204.010223
6.833035, 203.657257, 7.942354, 203.808533
2.647876, 204.010223, 2.547029, 203.304291
-9.612139, 170.687088, -9.667148, 176.242935
-9.667148, 176.242935, -10.327250, 176.352951
-15.553055, 179.213394, -15.608063, 181.908813
-15.608063, 181.908813, -16.323174, 181.963821
-20.338793, 180.038528, -20.338793, 180.038528
-15.899032, 187.374268, -15.899032, 190.955933
-39.773014, 171.388000, -9.807357, 171.279831
-19.759850, 181.989578, -19.651670, 178.960556
-19.651670, 177.446045, -17.488085, 177.554230
-30.794136, 182.097748, -30.794136, 178.744202
-41.828423, 181.881393, -41.828423, 180.691422
-41.936600, 178.744202, -41.936600, 177.446045
-37.501251, 180.907776, -37.393070, 179.068741
-34.244156, 212.217392, -34.244156, 212.254303
-34.281067, 212.365036, -33.616661, 212.365036
-33.616661, 212.365036, -33.469013, 213.287827
-37.418537, 212.365036, -36.717220, 212.438858
-36.680309, 212.438858, -36.717220, 213.472382
-53.352726, 210.759033, -53.702442, 211.458466
-53.702442, 211.458466, -53.422668, 212.157898
-53.282784, 212.227844, -53.142895, 212.367737
-17.217945, 221.820084, -14.532068, 221.887222
-18.762325, 222.424393, -18.560884, 224.170227
-27.701418, 212.008072, -39.944920, 212.240845
-0.207180, 169.746094, -0.207180, 169.698730
-0.112457, 164.725769, 4.813142, 164.725769
-0.207180, 165.009933, -0.159818, 169.793457
37.405479, 171.732346, 39.835094, 171.699066
39.901657, 171.066696, 41.133106, 171.099976
44.161797, 171.099976, 45.359962, 171.099976
45.359962, 171.099976, 45.326679, 171.798904
35.841209, 171.033417, 37.472046, 171.000137
33.138905, 171.704376, 35.752495, 171.704376
-6.201907, 176.347763, -5.860738, 171.144928
-5.860738, 171.144928, -2.449047, 171.059631
4.839906, 170.735168, 4.848812, 171.314072
6.879405, 170.699539, 6.897217, 171.180481
-8.517326, 213.088242, -5.241694, 213.088242
7.939209, 164.722107, 9.387834, 164.688156
9.387834, 164.688156, 9.433104, 165.039001
9.433104, 165.039001, 10.938314, 165.039001
4.453457, 169.486694, 4.589266, 169.498016
4.589266, 169.498016, 4.600584, 169.316940
4.464775, 168.603943, 4.634535, 168.637894
4.634535, 168.637894, 4.634535, 168.332321
4.476092, 167.721191, 4.668488, 167.698547
4.668488, 167.698547, 4.634535, 167.426941
4.510044, 166.770523, 4.634535, 166.781845
4.634535, 166.781845, 4.668488, 166.646042
37.562424, 178.773041, 37.562424, 181.031189
54.298294, 174.223099, 54.232891, 176.316101
54.232891, 178.147491, 54.298294, 179.586426
2.865923, 222.274307, 6.085524, 222.183624
