-20.303043, 192.470291, -20.303043, 192.470291
2.222601, 165.603714, 1.646039, 168.673050
2.239558, 165.535873, 2.833078, 165.620667
1.646039, 168.893494, 1.391673, 170.300995
1.408630, 170.792755, 0.645533, 175.473083
0.645533, 175.473083, 1.815616, 175.659622
1.900404, 175.625717, 3.155275, 175.812241
3.138317, 175.930954, 4.579723, 176.151398
4.579723, 176.151398, 4.376230, 177.168869
4.376230, 177.168869, 7.208169, 177.660629
7.225126, 177.677597, 7.309915, 177.474106
10.175768, 172.573318, 10.531880, 170.758850
9.412671, 177.084076, 9.192221, 178.084579
9.412671, 177.084076, 9.599206, 177.101028
15.845863, 178.148315, 16.047649, 176.960022
10.733961, 172.834625, 11.854993, 173.148514
7.202285, 176.061310, 7.314001, 175.471451
7.644678, 175.234619, 7.684896, 175.145248
7.684896, 175.145248, 7.818954, 175.185471
7.355668, 176.854874, 7.400226, 176.687775
7.400226, 176.687775, 7.511621, 176.704483
7.912646, 173.707932, 7.934925, 173.624390
7.934925, 173.624390, 8.063030, 173.663376
9.951188, 173.958572, 9.934479, 174.047699
8.515961, 179.615219, 8.515961, 179.615219
12.134020, 183.423767, 12.659458, 183.423767
7.316462, 171.723145, 5.195055, 171.324310
15.858324, 178.148407, 15.726830, 178.664993
15.726830, 178.664993, 11.838354, 177.922989
10.476448, 177.838455, 11.791392, 178.035690
16.060570, 176.965729, 16.490240, 174.288544
16.369051, 174.244476, 16.501257, 173.605484
16.545326, 173.396149, 16.732618, 172.250366
8.995057, 179.641037, 9.098355, 179.026672
9.098355, 179.026672, 9.234275, 178.977753
13.337079, 183.521362, 13.810296, 183.550934
16.754629, 172.097672, 16.846148, 171.534485
17.360714, 169.604736, 17.449575, 169.215973
17.449575, 169.215973, 15.861197, 168.838318
1.461966, 170.855530, 1.536156, 170.734970
1.536156, 170.734970, 1.573251, 170.401123
3.441474, 166.441971, 4.021379, 166.547409
10.728477, 169.834076, 10.751169, 169.834076
10.728477, 169.879456, 10.728477, 169.879456
10.796554, 169.493698, 10.819246, 169.493698
10.524247, 170.787155, 11.182322, 166.634476
16.982698, 171.264938, 17.285547, 169.606491
15.857836, 168.856583, 15.641516, 168.798904
15.670359, 168.784470, 15.814571, 168.193207
15.814571, 168.193207, 15.497302, 168.092255
13.927068, 183.488968, 14.873452, 183.641251
14.873452, 183.641251, 15.254182, 181.824631
5.199492, 171.319778, 6.106010, 166.199448
6.083478, 166.164810, 4.931261, 165.962219
4.076163, 165.928223, 4.883779, 166.059891
2.807681, 165.691193, 3.387057, 165.800934
8.883860, 169.144608, 9.442163, 165.541016
11.184744, 166.657623, 11.489273, 164.661270
10.186290, 172.541626, 10.311576, 172.557953
10.322471, 172.563400, 10.393285, 172.514389
10.393285, 172.514389, 10.518571, 172.530731
10.478760, 177.844330, 9.760876, 177.715759
10.567797, 158.111023, 12.630436, 158.481567
17.844694, 165.274002, 17.332676, 165.152740
17.332676, 165.139252, 17.440470, 164.694611
11.485453, 164.729706, 11.761825, 163.199036
9.444551, 165.580093, 9.742182, 163.964371
8.902414, 169.145584, 5.826310, 168.590668
5.826310, 168.602737, 5.536794, 170.219208
5.553094, 170.137085, 7.978209, 170.588272
8.271479, 172.133575, 8.463232, 171.084579
7.981231, 170.599243, 8.546336, 170.696686
8.546336, 170.696686, 8.468390, 171.110764
14.314572, 167.107742, 14.742286, 164.015060
10.558876, 158.116699, 9.500056, 157.942245
12.620323, 158.485962, 13.928901, 158.686600
13.906079, 158.690567, 15.927668, 159.010757
17.019978, 160.492218, 17.209599, 159.240707
12.689796, 159.731735, 14.432750, 160.029068
11.732510, 163.281143, 12.372611, 159.719543
9.747268, 163.930862, 10.129094, 161.662369
10.129094, 161.662369, 10.039252, 161.550064
10.039252, 161.550064, 10.129094, 160.966095
9.637891, 157.097458, 10.337790, 153.182404
12.889293, 145.398453, 19.926653, 146.491211
20.276335, 150.512558, 19.751812, 153.878250
19.945898, 153.958603, 19.768738, 154.910828
13.169527, 151.323349, 13.545992, 151.367630
13.169527, 151.301193, 13.213818, 150.725433
13.590282, 151.345490, 13.590282, 151.522644
13.590282, 151.522644, 14.143908, 151.633377
9.762227, 148.378860, 10.606654, 148.511551
10.606654, 148.547745, 10.666970, 148.692505
10.666970, 148.692505, 10.932362, 148.728683
10.932362, 148.728683, 10.847919, 149.271530
10.847919, 149.271530, 10.968552, 149.271530
10.968552, 149.271530, 11.113311, 149.259476
9.798417, 148.415039, 9.713974, 148.523605
9.713974, 148.523605, 7.735602, 148.246155
7.735602, 148.246155, 7.627033, 148.849319
7.627033, 148.849319, 7.385768, 148.789001
7.385768, 148.789001, 7.241009, 149.778183
7.470211, 149.910889, 7.385768, 150.501984
13.529787, 150.678879, 13.564012, 150.322937
12.691726, 157.507843, 13.167557, 154.614792
12.139762, 154.138962, 13.015291, 154.329285
12.082663, 154.119919, 12.215895, 153.396667
14.138251, 154.767059, 14.614082, 154.824158
14.614082, 154.824158, 14.690215, 154.595749
16.098675, 156.727478, 16.327074, 155.223846
16.327074, 155.223846, 16.193842, 155.109650
16.193842, 155.109650, 16.231907, 154.938354
16.212873, 154.919312, 18.820427, 155.338043
18.820427, 155.338043, 18.896561, 154.881256
18.934628, 154.862213, 19.734022, 155.014481
8.471895, 152.683823, 8.635572, 151.640366
7.375910, 150.547073, 7.827540, 150.615356
19.937389, 146.497650, 20.842653, 146.638596
20.842653, 146.638596, 20.403574, 149.386902
20.414413, 149.403183, 20.582457, 149.484497
20.582457, 149.479080, 20.452358, 150.351822
11.449743, 148.656281, 12.166336, 148.745850
10.524518, 150.832336, 10.716625, 150.856354
10.332412, 152.345169, 10.476492, 152.441223
8.994401, 179.643127, 8.505070, 179.551895
8.505070, 179.551895, 8.469131, 179.654190
8.469131, 179.654190, 7.642519, 179.529785
7.642519, 179.529785, 7.612109, 179.416428
7.609341, 179.424744, 6.193874, 179.186996
9.944344, 174.051926, 10.040994, 174.059082
9.647230, 175.544617, 9.793996, 175.569672
7.313005, 171.727600, 8.137450, 171.868134
8.170875, 172.140869, 8.333657, 172.178421
10.106756, 183.128479, 10.997111, 183.231567
11.043972, 183.119110, 11.400114, 183.203461
9.563745, 160.077896, 9.563745, 160.077896
10.275198, 160.677429, 10.417136, 159.885223
10.172871, 160.700531, 10.278499, 160.684036
10.172871, 160.707138, 10.129959, 160.951401
8.657266, 159.551407, 8.657266, 159.551407
7.437201, 159.551407, 9.365690, 159.826904
7.437674, 159.525085, 8.019465, 155.724884
8.242279, 154.400375, 8.514606, 152.754028
8.465093, 152.642624, 8.638392, 151.516174
8.638392, 151.516174, 8.687906, 151.206711
8.698496, 151.190964, 8.740271, 151.164856
8.740271, 151.164856, 8.792489, 150.794098
9.616652, 157.121613, 9.493913, 157.943970
